Ciudades: 20
 Ci: 4
 Fitness: 2466  
 Genotipo: 4,1,18,9,5,2,14,13,0,17,8,15,19,7,11,10,12,6,3Ciudades: 20
 Ci: 4
 Fitness: 3044  
 Genotipo: 4,10,11,14,13,1,18,5,7,6,0,16,17,8,12,2,9,3,15Ciudades: 20
 Ci: 5
 Fitness: 2176  
 Genotipo: 5,2,12,18,1,4,3,6,19,15,14,13,0,17,8,10,11,16,9Ciudades: 20
 Ci: 17
 Fitness: 3263  
 Genotipo: 17,8,15,14,2,5,18,9,16,6,4,3,11,1,13,19,7,12,10Ciudades: 20
 Ci: 18
 Fitness: 2712  
 Genotipo: 18,1,2,12,14,3,9,5,4,8,10,13,0,6,19,7,11,16,17Ciudades: 80
 Ci: 1
 Fitness: 9213  
 Genotipo: 1,74,41,69,79,10,16,52,72,51,42,65,60,25,7,24,75,48,68Ciudades: 80
 Ci: 14
 Fitness: 9584  
 Genotipo: 14,54,69,50,68,18,7,60,52,27,29,66,10,20,15,74,9,26,71Ciudades: 80
 Ci: 17
 Fitness: 8074  
 Genotipo: 17,26,14,54,27,30,18,39,65,67,25,58,78,41,5,72,29,66,10Ciudades: 80
 Ci: 18
 Fitness: 10482  
 Genotipo: 18,30,11,69,54,71,49,29,43,72,5,17,8,73,53,35,26,45,79Ciudades: 80
 Ci: 25
 Fitness: 8575  
 Genotipo: 25,75,39,10,79,42,77,74,24,21,56,53,46,57,48,26,35,41,71Ciudades: 80
 Ci: 76
 Fitness: 9827  
 Genotipo: 76,38,19,29,63,12,50,69,39,72,6,73,51,46,43,5,44,25,58Ciudades: 500
 Ci: 129
 Fitness: 76328  
 Genotipo: 129,269,197,494,173,331,255,468,237,68,466,333,63,397,434,32,444,160,282Ciudades: 500
 Ci: 130
 Fitness: 76061  
 Genotipo: 130,176,57,172,372,442,169,365,322,360,184,145,83,297,403,340,198,259,362Ciudades: 500
 Ci: 385
 Fitness: 77270  
 Genotipo: 385,264,350,205,2,33,11,149,307,108,262,444,197,332,381,117,101,251,312Ciudades: 500
 Ci: 488
 Fitness: 83275  
 Genotipo: 488,455,196,112,436,241,460,415,99,467,398,396,64,495,17,481,393,162,19Ciudades: 1000
 Ci: 600
 Fitness: 198702  
 Genotipo: 600,483,180,773,838,4,699,841,399,22,396,244,873,312,649,816,715,582,576Ciudades: 1000
 Ci: 897
 Fitness: 194904  
 Genotipo: 897,769,603,440,978,589,388,572,475,873,579,333,505,285,90,995,725,964,338Ciudades: 1000
 Ci: 997
 Fitness: 195879  
 Genotipo: 997,772,939,847,92,644,111,466,174,207,41,17,716,336,245,217,74,519,420